
Working with testequation setup, parameter 2.5e-01 and num_procs =   1..
  Error (mat/nomat) vs. exact solution: 3.3812e-08
  Iteration counts for periodic matrix-based version: [(0.0, 27)]

Working with testequation setup, parameter 2.5e-01 and num_procs =   2..
  Error (mat/nomat) vs. exact solution: 6.7625e-08
  Iteration counts for periodic matrix-based version: [(0.0, 25), (0.25, 25)]

Working with testequation setup, parameter 2.5e-01 and num_procs =   4..
  Error (mat/nomat) vs. exact solution: 1.3525e-07
  Iteration counts for periodic matrix-based version: [(0.0, 23), (0.25, 23), (0.5, 23), (0.75, 23)]

Working with testequation setup, parameter 2.5e-01 and num_procs =   8..
  Error (mat/nomat) vs. exact solution: 2.7050e-07
  Iteration counts for periodic matrix-based version: [(0.0, 25), (0.25, 25), (0.5, 25), (0.75, 25), (1.0, 25), (1.25, 25), (1.5, 25), (1.75, 25)]

Working with testequation setup, parameter 2.5e-01 and num_procs =  16..
  Error (mat/nomat) vs. exact solution: 5.4100e-07
  Iteration counts for periodic matrix-based version: [(0.0, 26), (0.25, 26), (0.5, 26), (0.75, 26), (1.0, 26), (1.25, 26), (1.5, 26), (1.75, 26), (2.0, 26), (2.25, 26), (2.5, 26), (2.75, 26), (3.0, 26), (3.25, 26), (3.5, 26), (3.75, 26)]

Working with testequation setup, parameter 2.5e-01 and num_procs =  32..
  Error (mat/nomat) vs. exact solution: 1.0820e-06
  Iteration counts for periodic matrix-based version: [(0.0, 31), (0.25, 31), (0.5, 31), (0.75, 31), (1.0, 31), (1.25, 31), (1.5, 31), (1.75, 31), (2.0, 31), (2.25, 31), (2.5, 31), (2.75, 31), (3.0, 31), (3.25, 31), (3.5, 31), (3.75, 31), (4.0, 31), (4.25, 31), (4.5, 31), (4.75, 31), (5.0, 31), (5.25, 31), (5.5, 31), (5.75, 31), (6.0, 31), (6.25, 31), (6.5, 31), (6.75, 31), (7.0, 31), (7.25, 31), (7.5, 31), (7.75, 31)]

Working with testequation setup, parameter 2.5e-01 and num_procs =  64..
  Error (mat/nomat) vs. exact solution: 2.1640e-06
  Iteration counts for periodic matrix-based version: [(0.0, 37), (0.25, 37), (0.5, 37), (0.75, 37), (1.0, 37), (1.25, 37), (1.5, 37), (1.75, 37), (2.0, 37), (2.25, 37), (2.5, 37), (2.75, 37), (3.0, 37), (3.25, 37), (3.5, 37), (3.75, 37), (4.0, 37), (4.25, 37), (4.5, 37), (4.75, 37), (5.0, 37), (5.25, 37), (5.5, 37), (5.75, 37), (6.0, 37), (6.25, 37), (6.5, 37), (6.75, 37), (7.0, 37), (7.25, 37), (7.5, 37), (7.75, 37), (8.0, 37), (8.25, 37), (8.5, 37), (8.75, 37), (9.0, 37), (9.25, 37), (9.5, 37), (9.75, 37), (10.0, 37), (10.25, 37), (10.5, 37), (10.75, 37), (11.0, 37), (11.25, 37), (11.5, 37), (11.75, 37), (12.0, 37), (12.25, 37), (12.5, 37), (12.75, 37), (13.0, 37), (13.25, 37), (13.5, 37), (13.75, 37), (14.0, 37), (14.25, 37), (14.5, 37), (14.75, 37), (15.0, 37), (15.25, 37), (15.5, 37), (15.75, 37)]

Working with testequation setup, parameter 2.5e-01 and num_procs = 128..
  Error (mat/nomat) vs. exact solution: 4.3280e-06
  Iteration counts for periodic matrix-based version: [(0.0, 47), (0.25, 47), (0.5, 47), (0.75, 47), (1.0, 47), (1.25, 47), (1.5, 47), (1.75, 47), (2.0, 47), (2.25, 47), (2.5, 47), (2.75, 47), (3.0, 47), (3.25, 47), (3.5, 47), (3.75, 47), (4.0, 47), (4.25, 47), (4.5, 47), (4.75, 47), (5.0, 47), (5.25, 47), (5.5, 47), (5.75, 47), (6.0, 47), (6.25, 47), (6.5, 47), (6.75, 47), (7.0, 47), (7.25, 47), (7.5, 47), (7.75, 47), (8.0, 47), (8.25, 47), (8.5, 47), (8.75, 47), (9.0, 47), (9.25, 47), (9.5, 47), (9.75, 47), (10.0, 47), (10.25, 47), (10.5, 47), (10.75, 47), (11.0, 47), (11.25, 47), (11.5, 47), (11.75, 47), (12.0, 47), (12.25, 47), (12.5, 47), (12.75, 47), (13.0, 47), (13.25, 47), (13.5, 47), (13.75, 47), (14.0, 47), (14.25, 47), (14.5, 47), (14.75, 47), (15.0, 47), (15.25, 47), (15.5, 47), (15.75, 47), (16.0, 47), (16.25, 47), (16.5, 47), (16.75, 47), (17.0, 47), (17.25, 47), (17.5, 47), (17.75, 47), (18.0, 47), (18.25, 47), (18.5, 47), (18.75, 47), (19.0, 47), (19.25, 47), (19.5, 47), (19.75, 47), (20.0, 47), (20.25, 47), (20.5, 47), (20.75, 47), (21.0, 47), (21.25, 47), (21.5, 47), (21.75, 47), (22.0, 47), (22.25, 47), (22.5, 47), (22.75, 47), (23.0, 47), (23.25, 47), (23.5, 47), (23.75, 47), (24.0, 47), (24.25, 47), (24.5, 47), (24.75, 47), (25.0, 47), (25.25, 47), (25.5, 47), (25.75, 47), (26.0, 47), (26.25, 47), (26.5, 47), (26.75, 47), (27.0, 47), (27.25, 47), (27.5, 47), (27.75, 47), (28.0, 47), (28.25, 47), (28.5, 47), (28.75, 47), (29.0, 47), (29.25, 47), (29.5, 47), (29.75, 47), (30.0, 47), (30.25, 47), (30.5, 47), (30.75, 47), (31.0, 47), (31.25, 47), (31.5, 47), (31.75, 47)]

Working with testequation setup, parameter 2.5e-01 and num_procs = 256..
  Error (mat/nomat) vs. exact solution: 8.6561e-06
  Iteration counts for periodic matrix-based version: [(0.0, 50), (0.25, 50), (0.5, 50), (0.75, 50), (1.0, 50), (1.25, 50), (1.5, 50), (1.75, 50), (2.0, 50), (2.25, 50), (2.5, 50), (2.75, 50), (3.0, 50), (3.25, 50), (3.5, 50), (3.75, 50), (4.0, 50), (4.25, 50), (4.5, 50), (4.75, 50), (5.0, 50), (5.25, 50), (5.5, 50), (5.75, 50), (6.0, 50), (6.25, 50), (6.5, 50), (6.75, 50), (7.0, 50), (7.25, 50), (7.5, 50), (7.75, 50), (8.0, 50), (8.25, 50), (8.5, 50), (8.75, 50), (9.0, 50), (9.25, 50), (9.5, 50), (9.75, 50), (10.0, 50), (10.25, 50), (10.5, 50), (10.75, 50), (11.0, 50), (11.25, 50), (11.5, 50), (11.75, 50), (12.0, 50), (12.25, 50), (12.5, 50), (12.75, 50), (13.0, 50), (13.25, 50), (13.5, 50), (13.75, 50), (14.0, 50), (14.25, 50), (14.5, 50), (14.75, 50), (15.0, 50), (15.25, 50), (15.5, 50), (15.75, 50), (16.0, 50), (16.25, 50), (16.5, 50), (16.75, 50), (17.0, 50), (17.25, 50), (17.5, 50), (17.75, 50), (18.0, 50), (18.25, 50), (18.5, 50), (18.75, 50), (19.0, 50), (19.25, 50), (19.5, 50), (19.75, 50), (20.0, 50), (20.25, 50), (20.5, 50), (20.75, 50), (21.0, 50), (21.25, 50), (21.5, 50), (21.75, 50), (22.0, 50), (22.25, 50), (22.5, 50), (22.75, 50), (23.0, 50), (23.25, 50), (23.5, 50), (23.75, 50), (24.0, 50), (24.25, 50), (24.5, 50), (24.75, 50), (25.0, 50), (25.25, 50), (25.5, 50), (25.75, 50), (26.0, 50), (26.25, 50), (26.5, 50), (26.75, 50), (27.0, 50), (27.25, 50), (27.5, 50), (27.75, 50), (28.0, 50), (28.25, 50), (28.5, 50), (28.75, 50), (29.0, 50), (29.25, 50), (29.5, 50), (29.75, 50), (30.0, 50), (30.25, 50), (30.5, 50), (30.75, 50), (31.0, 50), (31.25, 50), (31.5, 50), (31.75, 50), (32.0, 50), (32.25, 50), (32.5, 50), (32.75, 50), (33.0, 50), (33.25, 50), (33.5, 50), (33.75, 50), (34.0, 50), (34.25, 50), (34.5, 50), (34.75, 50), (35.0, 50), (35.25, 50), (35.5, 50), (35.75, 50), (36.0, 50), (36.25, 50), (36.5, 50), (36.75, 50), (37.0, 50), (37.25, 50), (37.5, 50), (37.75, 50), (38.0, 50), (38.25, 50), (38.5, 50), (38.75, 50), (39.0, 50), (39.25, 50), (39.5, 50), (39.75, 50), (40.0, 50), (40.25, 50), (40.5, 50), (40.75, 50), (41.0, 50), (41.25, 50), (41.5, 50), (41.75, 50), (42.0, 50), (42.25, 50), (42.5, 50), (42.75, 50), (43.0, 50), (43.25, 50), (43.5, 50), (43.75, 50), (44.0, 50), (44.25, 50), (44.5, 50), (44.75, 50), (45.0, 50), (45.25, 50), (45.5, 50), (45.75, 50), (46.0, 50), (46.25, 50), (46.5, 50), (46.75, 50), (47.0, 50), (47.25, 50), (47.5, 50), (47.75, 50), (48.0, 50), (48.25, 50), (48.5, 50), (48.75, 50), (49.0, 50), (49.25, 50), (49.5, 50), (49.75, 50), (50.0, 50), (50.25, 50), (50.5, 50), (50.75, 50), (51.0, 50), (51.25, 50), (51.5, 50), (51.75, 50), (52.0, 50), (52.25, 50), (52.5, 50), (52.75, 50), (53.0, 50), (53.25, 50), (53.5, 50), (53.75, 50), (54.0, 50), (54.25, 50), (54.5, 50), (54.75, 50), (55.0, 50), (55.25, 50), (55.5, 50), (55.75, 50), (56.0, 50), (56.25, 50), (56.5, 50), (56.75, 50), (57.0, 50), (57.25, 50), (57.5, 50), (57.75, 50), (58.0, 50), (58.25, 50), (58.5, 50), (58.75, 50), (59.0, 50), (59.25, 50), (59.5, 50), (59.75, 50), (60.0, 50), (60.25, 50), (60.5, 50), (60.75, 50), (61.0, 50), (61.25, 50), (61.5, 50), (61.75, 50), (62.0, 50), (62.25, 50), (62.5, 50), (62.75, 50), (63.0, 50), (63.25, 50), (63.5, 50), (63.75, 50)]
