      256.81000940482238092955
      128.17627062035450080657
      127.98567128803443893048
      127.86644195546953994835
      127.75061304266810680019
      127.63582832587226789656
      127.52198879646108764518
      127.40907382416507687140
      127.29706603343319670785
      127.18594867949988724831
      127.07570553231349208545
      126.96632084991236411042
      126.85777935678419225951
      126.75006622387084576076
      126.64316704986319450654
      126.53706784361584425369
      126.43175500756285600801
      126.32721532204303116487
      126.22343593046090859389
      126.12040432521969535173
      126.01810833437254188993
      125.91653610894267956155
      125.81567611086956048894
      125.71551710154105307993
      125.61604813087559762153
      125.51725852692126750298
      125.41913788594072798332
      125.32167606295459449939
      125.22486316271583461912
      125.12868953109158098869
      125.03314574682944737560
      124.93822261368704573670
      124.84391115290512175307
      124.75020259600570682323
      124.65708837789807716945
      124.56456013027647600211
      124.47260967529409469989
      124.38122901949951426559
      124.29041034802187937203
      124.20014601899285366926
      124.11042855819268027062
      124.02125065391007296967
      123.93260515200523741441
      123.84448505116591832120
      123.75688349834766199820
      123.66979378438912817728
      123.58320933979473466025
      123.49712373067616510980
      123.41153065484581929923
      123.32642393805544145380
      123.24179753037276441319
      123.15764550269032895358
      123.07396204336063760820
      122.99074145495187337929
      122.90797815111881163830
      122.82566665358426405419
      122.74380158922596706361
      122.66237768726459478330
      122.58138977654850521049
      122.50083278293115540691
      122.42070172673720662715
      122.34099172031399405114
      122.26169796566450997943
      122.18281575215881673557
      122.10434045432035077283
      122.02626752968467371829
      121.94859251672708921888
      121.87131103285733502162
      121.79441877247744230317
      121.71791150510172485610
      121.64178507353523173151
      121.56603539210942699356
      121.49065844497212651731
      121.41565028443014284676
      121.34100702934252069554
      121.26672486356235936000
      121.19280003442548832027
      121.11922885128461757631
      121.04600768408627686767
      120.97313296199072851778
      120.90060117203111644812
      120.82840885781266138110
      120.75655261824860531306
      120.68502910633291946851
      120.61383502794785727019
      120.54296714070520124551
      120.47242225282012384469
      120.40219722201665319972
      120.33228895446336537134
      120.26269440373866359550
      120.19341056982412396792
      120.12443449812565177126
      120.05576327852081419678
      119.98739404443195155636
      119.91932397192421433374
      119.85155027882733236311
      119.78407022388071823116
      119.71688110590110909470
      119.64998026297168109977
      119.58336507165265061303
      119.51703294621172801726
      119.45098133787466565536
      119.38520773409480568716
      119.31970965784120153330
      119.25448466690451709837
      119.18953035322051903222
      119.12484434221045148661
      119.06042429213738387261
      118.99626789347905742034
      118.93237286831546839494
      118.86873696973174219238
      118.80535798123531776582
      118.74223371618739975020
      118.67936201724765510335
      118.61674075583258058941
      118.55436783158639002522
      118.49224117186454918738
      118.43035873122926204815
      118.36871849095707887045
      118.30731845855736139583
      118.24615666730257146355
      118.18523117576870617995
      118.12454006738657596998
      118.06408145000331444407
      118.00385345545353743546
      117.94385423914053490080
      117.88408197962638723766
      117.82453487823163129633
      117.76521115864358080216
      117.70610906653315907988
      117.64722686918058514038
      117.58856285510869099653
      117.53011533372460917235
      117.47188263496903459782
      117.41386310897300404577
      117.35605512572209363498
      117.29845707472777860403
      117.24106736470577061482
      117.18388442326107679037
      117.12690669657962416750
      117.07013264912664851636
      117.01356076335096645380
      116.95718953939537243514
      116.90101749481355852822
      116.84504316429215009521
      116.78926509937876687673
      116.73368186821555525512
      116.67829205527823432931
      116.62309426112021526478
      116.56808710212183655131
      116.51326921024471516830
      116.45863923279101470598
      116.40419583216747412280
      116.34993768565374239188
